Gradient Descent
Size of matrix = 16 x 16
Epsilon = 0.01
Residual norm after convergence: 7.520330e-04
Number of iterations: 3

Final solution vector x:
x[1] = 0.28197271
x[2] = 0.34322113
x[3] = 0.36724347
x[4] = 0.37426796
x[5] = 0.37279253
x[6] = 0.36688325
x[7] = 0.35865563
x[8] = 0.34927366
x[9] = 0.33940165
x[10] = 0.32942683
x[11] = 0.31957632
x[12] = 0.30998190
x[13] = 0.30071723
x[14] = 0.29182001
x[15] = 0.28330556
x[16] = 0.27517525
