Conjugate Gradient
Size of matrix = 16 x 16
Epsilon = 0.01
Residual norm after convergence: 7.020358e-14
Number of iterations: 16

Final solution vector x:
x[1] = 0.33333330
x[2] = 0.33333393
x[3] = 0.33332980
x[4] = 0.33334157
x[5] = 0.33332828
x[6] = 0.33332750
x[7] = 0.33333533
x[8] = 0.33333979
x[9] = 0.33333725
x[10] = 0.33333130
x[11] = 0.33332717
x[12] = 0.33332804
x[13] = 0.33333354
x[14] = 0.33333976
x[15] = 0.33334016
x[16] = 0.33332659
